/* XPM */
static char *result[] = {
/* columns rows colors chars-per-pixel */
"50 50 26 1 ",
"  c #FA0000",
". c #FA3314",
"X c #914E1D",
"o c #AF4018",
"O c #AF6B28",
"+ c #AF6331",
"@ c #C84A1B",
"# c #FA5C23",
"$ c #FA6D29",
"% c #FA6F2A",
"& c #FA6B2E",
"* c #FA752C",
"= c #FA7031",
"- c #FA7F3B",
"; c #FA8732",
": c #FA8E35",
"> c #FA963D",
", c #FA9A39",
"< c #FAF43F",
"1 c #FA8E46",
"2 c #FA9242",
"3 c #FAB743",
"4 c #FAD541",
"5 c #FADC4B",
"6 c #FAD250",
"7 c None",
/* pixels */
"77777777777777777777777777777777777777777777777777",
"77777777777777777777777777777777777777777777777777",
"77777777777777777777777777777777777777777777777777",
"77777777777777777777777777777777777777777777777777",
"77777777777777777777777777777777777777777777777777",
"77777777777777777777777777777777777777777777777777",
"77777777777777777777777777777777777777777777777777",
"77777777777777777777777777777777777777777777777777",
"777777777777777777777777#7777777777777777777777777",
"777777777777777777@@77@@:@777@77777777777777777777",
"777777777777777777##77##,#777#77777777777777777777",
"77777777777777777#,,##1111###,##777777777777777777",
"777777777777##7777##111111111#7777###7777777777777",
"777777777777#*X777==133333331=7777*$#7777777777777",
"777777777777#,,,#1111<<<<<<<1111#,,;#7777777777777",
"7777777777777,2111<<<<6666<<<<1111,O77777777777777",
"7777777777777#-11<<<666666666<<<11#o77777777777777",
"7777777777777#-11<<<666666666<<<11#o77777777777777",
"77777777777#7111<<666,,,,,,,66<<<11+7#777777777777",
"777777777#%,#14<<666,,####,,,666<<1-#,#77777777777",
"77777777777#114<66,,#########,666<111#777777777777",
"77777777777#114<66,,#########,666<111#777777777777",
"77777777777#1<<<6,,,##....###,,,6<<41#777777777777",
"777777777#&11<566,###... ...##,,66<411#77777777777",
"77777777#,>11<566,###.    ..##,,66<411,%#777777777",
"77777777#,>11<566,###.    ..##,,66<411,%#777777777",
"777777777#&11<566,###... ...##,,66<411#77777777777",
"77777777777#1<<<6,,,##....###,,,6<<41#777777777777",
"77777777777#114<66,,#########,666<111#777777777777",
"77777777777#114<66,,#########,666<111#777777777777",
"777777777#%,#14<<666,,####,,,666<<1-#,#77777777777",
"77777777777#7111<<666,,,,,,,66<<<11+7#777777777777",
"7777777777777#-11<<<666666666<<<11#o77777777777777",
"7777777777777#-11<<<666666666<<<11#o77777777777777",
"7777777777777,2111<<<<6666<<<<1111,O77777777777777",
"777777777777#,,,#1111<<<<<<<1111#,,;#7777777777777",
"777777777777#*X777==133333331=7777*$#7777777777777",
"777777777777##7777##111111111#7777###7777777777777",
"77777777777777777#,,##1111###,##777777777777777777",
"777777777777777777##77##,#777#77777777777777777777",
"777777777777777777@@77@@:@777@77777777777777777777",
"777777777777777777777777#7777777777777777777777777",
"77777777777777777777777777777777777777777777777777",
"77777777777777777777777777777777777777777777777777",
"77777777777777777777777777777777777777777777777777",
"77777777777777777777777777777777777777777777777777",
"77777777777777777777777777777777777777777777777777",
"77777777777777777777777777777777777777777777777777",
"77777777777777777777777777777777777777777777777777",
"77777777777777777777777777777777777777777777777777"
};
